595477 4242.53080819
595477 19060.653929
595477 7616.39231072
595475 1165.90677419
595475 10073.2225957
595473 942.063582777
595471 9503.82387725
595429 4387.37348408
595429 791.421060366
595397 4259.07100753
595391 778.969958083
595388 6425.82825792
595381 1469.16568891
595381 217.21946065
595378 19767.7747428
595375 662.973960873
595375 508.992981122
595375 269.737649317
595372 134.024879811
595356 3894.66411322
595356 249.891649425
595309 65.315919487
595309 9825.28802125
595282 7049.8165388
595282 1213.61181803
595236 558.347659558
595230 1661.80111546
595230 4562.71154021
595212 138.070589992
595212 10572.2020709
595212 17012.3750586
595211 3314.46299402
595208 11133.0568391
595205 14702.8320438
595205 11120.1588053
595181 207.172364888
595162 243.013195677
595155 510.869813693
595155 1104.28340498
595130 1045.14055251
595087 590.777721536
595054 6885.99933287
595054 5960.4260312
594981 3168.31731207
594981 17478.86429
594955 14225.7008964
594946 5322.48443554
594941 5214.26355432
594852 1304.24514988
594852 107.317687619
594835 11813.2376645
594771 6107.56587925
594771 19105.4403885
594759 4002.2542518
594719 13636.709968
594718 7152.83379325
594713 1671.59348824
594693 4872.00123163
594669 4595.32261413
594669 196.956386852
594667 88.7392378371
594642 8562.84216738
594642 75.3280258268
594632 15030.291042
594632 5061.1372495
594554 224.605494272
594553 349.996850952
594553 19530.0444832
594553 751.704801248
594553 3873.64340181
594553 90.8544650001
594553 6991.28343531
594552 4436.64185528
594552 3137.11141332
594546 141.523812634
594546 7837.84502485
594484 4302.6067119
594484 8233.50027175
594484 1557.36049134
594484 10951.9949802
594423 2518.12148794
594423 4118.48584445
594396 2306.75972298
594396 7429.13312542
594396 4552.93269668
594346 4705.46884659
594318 3556.74514405
594318 382.335007383
594318 74.2956046288
594277 934.433089729
594252 12155.0217984
594252 2832.80468205
594252 5452.1836898
594252 9623.59873198
594231 462.898383722
594196 17977.2428802
594196 4105.82993742
594168 3060.25738218
594167 10645.5772205
594132 6935.63485973
594132 2214.61764726
594118 4113.24862783
594053 15746.719975
594046 3590.94986949
594046 102.951940863
594036 7797.41124933
594034 10047.5268311
594024 14013.0893093
594024 14176.4805774
594024 9259.33786019
594010 2593.52229176
593971 9782.89390508
593971 11333.5224317
593946 100.914156953
593927 16932.7521979
593927 115.08953793
593915 10409.9346631
593913 12391.040842
593884 10407.4079603
593884 68.928227366
593884 5412.19078099
593884 18017.6225388
593884 9279.18619271
593869 13929.9801027
593858 626.15995764
593858 6365.91377207
593815 1841.48998953
593815 13850.6212955
593808 421.966825363
593796 1965.94409623
593753 13384.1493255
593705 13129.4888512
593665 10331.7542996
593653 913.789331026
593653 137.269098976
593596 104.308130842
593596 91.2743380584
593585 12742.7540407
593585 8932.39483929
593559 16609.8520881
593545 3649.71063748
593545 1198.29904759
593545 5894.3543402
593512 4828.70812058
593512 76.8666273231
593506 4600.0765102
593506 1597.86191308
593506 8048.70340867
593493 1048.86202738
593492 12461.2972678
593492 5766.71806224
593439 19828.1977415
593404 4282.73551963
593388 7744.60801351
593388 207.56098073
593388 4375.54472698
593388 14915.8373785
593360 11161.1822692
593323 385.498051089
593277 683.776338287
593260 1615.65333414
593233 8762.23195187
593233 5955.90399836
593233 998.543040487
593233 17680.6711438
593233 12625.0146372
593193 17888.3935424
593147 84.1313642842
593136 6857.37891911
593125 10259.2482873
593125 1762.02714713
593114 13761.7672924
593108 18633.5273302
593099 5301.0443176
593071 2037.60336458
593071 1376.81367667
593071 12939.2639625
593026 3045.24178857
593013 4373.20230184
593011 6362.24128239
592997 254.344169946
592997 7117.99365992
592997 148.294498963
592997 14372.367221
592984 327.931122157
592984 6040.37359372
592984 13956.8771708
592984 8269.1017749
592976 670.061884623
592968 13699.8024264
592951 1228.63860826
592942 354.1876506
592932 2398.15069244
592874 359.401074408
592874 656.654404818
592874 6156.6840292
592856 921.812638646
592810 2218.85836515
592773 529.285446033
592746 14900.2848139
592746 13955.6469427
592746 5986.64150538
592720 8964.55198378
592698 19868.8559159
592698 4141.91989289
592660 1794.58503712
592651 62.8876536327
592651 6400.36622261
592606 7480.20321856
592606 713.206640526
592606 12077.3961339
592603 99.2323320918
592603 6704.51013644
592603 19369.727619
592558 112.448536393
592558 11565.3362134
592527 13389.8348733
592521 20709.7361564
592504 3146.88092633
592504 156.370990504
592495 14948.1008908
592460 9245.96443675
592439 15148.1797337
592388 19279.9979473
592334 6227.17418434
592334 11711.4254457
592334 5156.7806
592334 3298.29134992
592322 9200.89479614
592322 1219.9990203
592322 4907.77394968
592322 13119.1501769
592322 3612.70862443
592288 1074.72387515
592241 15126.1601909
592241 2151.81210214
592176 7868.94129008
592176 9006.43852009
592176 11668.5181513
592147 20172.6312745
592147 9934.92993951
592086 3056.55083613
592058 11390.1231861
592058 11296.3417393
592058 3012.54953919
592006 1059.32479747
591958 3505.92744127
591947 2076.42669366
591930 642.144524972
591914 956.137261168
591914 8293.3709042
591894 16669.5799637
591852 6969.24896373
591852 151.186024759
591848 100.672030156
591792 20612.7258859
591792 1452.50512595
591768 2849.90611172
591746 13243.0052647
591746 5421.68784304
591735 2541.75380976
591724 2040.76360914
591724 20670.4560988
591724 300.961276041
591708 10849.7488926
591695 7576.09196153
591695 15333.0531069
591666 103.492177532
591659 7802.60881127
591659 7345.56065883
591659 19432.7001803
591659 6505.43059148
591650 91.9186099402
591595 1181.51205619
591595 11606.2990289
591576 7571.69169188
591558 131.888658995
591533 17993.964558
591533 12946.4783147
591514 19524.2301744
591514 19079.0975528
591514 3921.35264438
591514 6356.44283545
591514 8204.84580162
591514 1899.25845753
591514 454.208877516
591465 2563.95483099
591457 70.5764623829
591457 4374.73717113
591442 438.042831717
591387 11972.6732618
591311 3901.10496593
591311 2334.9733264
591311 17305.8430001
591310 2351.77058136
591310 14894.7205628
591310 1038.54061455
591310 4502.46302201
591290 656.170151224
591290 4026.9385889
591288 2118.83340603
591284 12482.186419
591284 2480.14583591
591277 132.377577846
591277 20785.7681694
591277 715.368520251
591277 1454.05865627
591275 12427.5110158
591275 9474.66322682
591275 15550.6047338
591275 5638.7836744
591247 2156.81512289
591247 88.7676958998
591179 253.161527498
591169 636.314820819
591169 3725.12263792
591151 9744.42513547
591089 9103.86913023
591003 1740.4615338
591003 4890.05297398
591003 62.8195408922
590992 392.16423568
590974 4583.93938899
590921 8168.52304986
590911 17969.8587127
590911 8640.72488751
590911 837.51099251
590898 16888.6949179
590898 110.37156433
590898 8808.01397711
590847 836.520092092
590847 19545.8834946
590788 740.090179402
590788 1672.32686651
590779 19872.4383661
590754 8781.82976014
590754 136624.167427
590754 3963.82886907
590734 4186.83231436
590734 391.846065206
590706 20295.7865739
590706 8883.85611417
590706 401.30067343
590706 670.712687864
590700 783.842818188
590700 1808.17352887
590684 17324.1699926
590680 5376.31496078
590680 18789.2395866
590679 61.9653324811
590679 9805.60390575
590632 20057.3415971
590600 14499.4091453
590590 4976.47031381
590577 3926.70042757
590572 20637.9537253
590572 11750.2226494
590572 13355.6208173
590534 5328.16111929
590522 1893.16423335
590522 18181.7443859
590522 3200.52530785
590514 16005.5017366
590514 243.280981384
590468 8350.41719054
590451 7948.94810136
590451 3464.12581263
590451 14005.7765202
590419 2070.45376614
590397 5662.53915899
590387 3030.63720402
590331 604.941905897
590290 3230.15668263
590290 19338.2725956
590290 2988.14838314
590290 12663.6424921
590290 9427.22503563
590290 13416.1240585
590290 117.10912734
590290 309.734290333
590290 3020.95633087
590290 15247.6551256
590271 2136.55251562
590271 2265.607498
590255 168.298184515
590173 7838.36193524
590160 9229.47368912
590149 96.2759592348
590134 982.930294074
590120 2902.56892333
590120 6300.07301126
590120 7544.0579798
590115 332.849701773
590115 2381.66367701
590115 2897.98017733
590115 6778.8174042
590105 415.85487321
590082 8549.36564179
590082 20171.4570295
590082 10413.3090429
590082 7267.72552432
590053 2100.7765319
590022 12277.7637561
589966 2288.16961005
589966 4332.35565114
589932 20376.1577416
589929 10132.1093256
589907 11826.3115785
589907 2123.63955297
589906 18095.1842893
589906 17721.24581
589857 8794.25427046
589833 7003.84230501
589833 1812.71982104
589745 2647.19093261
589733 18072.3413288
589729 4206.13667801
589695 6019.27310643
589689 2160.43862739
589689 19041.8361515
589689 1423.51475737
589689 2941.31854136
589689 17116.3967427
589689 1331.41326939
589684 111.29621811
589684 8012.97874276
589666 2043.6509362
589666 19995.247037
589660 1836.98708424
589660 11031.5819184
589660 62.8055451239
589660 15961.9767624
589660 9123.66287926
589618 3206.17306701
589618 388.733406267
589601 11388.6139757
589568 3197.12246997
589568 1471.50811405
589545 152.185322638
589477 71.0485863106
589477 3229.59591883
589429 298.209241406
589429 6055.96348037
589429 2139.53221476
589406 1444.79065829
589406 2835.31272379
589406 2288.87359722
589338 7566.36443582
589338 15510.9365269
589335 5147.82797334
589322 1829.90615837
589322 305.32142449
589322 13323.8434247
589256 67.0891833702
589247 19515.3657211
589226 15438.4151192
589226 5961.05537426
589226 3635.626229
589188 3719.51126776
589187 1144.37568375
589179 797.763476176
589166 471.588822979
589160 2187.50504431
589160 17065.0318054
589143 14523.2840605
589143 10366.0537298
589136 3336.45501177
589122 2695.49219619
589107 916.264249442
589068 757.374953639
589062 5150.01131325
589062 6171.48175535
589059 8656.32177205
589059 182.861714808
589051 1537.98754843
589051 8434.37687339
589032 757.986102202
589032 1977.13371324
588965 8147.8727598
588965 73.5076428559
588957 14235.3285857
588921 7573.90022417
588912 2428.0657148
588912 17210.6755058
588880 1322.38926431
588799 4696.09727992
588799 10288.3212309
588755 737.315285012
588750 1844.38991278
588739 514.639807232
588737 13260.8587337
588737 6399.89269911
588706 17301.3414944
588706 19222.5537146
588706 3827.88376981
588674 97.3755601221
588674 13065.6284917
588618 4059.78385868
588618 3095.86495016
588618 99.3881516488
588618 13169.7607423
588618 5110.98131332
588618 2280.91327055
588618 10071.0887075
588605 3219.65612397
588605 5544.44892827
588605 16529.2537223
588596 1408.7021024
588596 16595.6869706
588562 2906.80870817
588562 10297.3046482
588562 8263.26973812
588562 2931.29057315
588559 9483.83185484
588559 5527.10443876
588559 11543.306407
588533 66.4980954093
588533 1795.35153872
588533 1007.74665793
588525 2086.49011782
588521 6970.82022202
588520 2034.22198689
588511 6140.99663868
588511 13515.4608923
588477 7925.00553999
588477 4118.0389129
588477 8781.98977842
588477 1227.45689886
588464 2839.0458618
588447 6676.89135318
588423 6902.55259493
588423 167.62125584
588417 15723.0890527
588417 10254.5573722
588417 192.550052368
588386 376.265042536
588386 1035.1326449
588351 3517.82477764
588351 75.5449602402
588316 4840.6208523
588298 9747.667022
588255 3414.24535982
588255 349.484139295
588253 16743.5457347
588253 409.184023364
588253 4086.73690987
588253 3295.05972694
588251 15509.4879648
588213 915.304139715
588193 2744.78202757
588177 3135.65818601
588177 4387.12109372
588177 2524.15739641
588123 6088.07630493
588112 15182.3037502
588101 2990.63636427
588101 6308.93886415
588101 1685.71521877
588101 6826.2975827
588101 15074.8493705
588101 3571.20183998
588101 2417.3169645
588090 2100.39911267
588090 801.361788286
588061 18279.5594132
588045 3509.36993382
588045 63.7754518884
588038 724.58706651
588038 398.963846597
588020 3039.42747976
588006 2940.85294879
588006 6889.9111502
587999 6291.14930919
587990 13151.1860248
587966 1442.57512812
587966 19021.6701151
587966 845.672391714
587939 16093.2374779
587939 8329.58122328
587939 8568.97184751
587939 4257.96674139
587930 577.461214226
587930 11404.9419059
587930 6072.65763318
587930 255.705958232
587930 4229.91688846
587930 9501.49498135
587929 836.899843947
587929 7489.46421865
587929 16907.7170335
587906 712.868875977
587893 3210.29482087
587893 17214.6754964
587887 7111.14926254
587863 4596.86494783
587843 2606.3694743
587774 98.0534218488
587761 9517.87329631
587761 20290.5549556
587761 15428.8242855
587761 98.114536705
587761 16176.473113
587761 16588.5188045
587718 1941.48089228
587718 1058.03625371
587711 373.956673765
587711 1825.1140072
587711 6462.03017954
587708 2963.75189234
587708 970.210006508
587701 2180.72176179
587701 2132.03281541
587701 10974.8034178
587701 19791.961297
587701 7461.16524104
587696 5448.57138192
587668 18897.4511373
587650 339.107676446
587644 7770.73951309
587639 2084.54610556
587630 124.203115925
587630 95.5131898454
587622 558.663030877
587607 20639.0855165
587570 8718.58288178
587570 158.940147096
587565 3042.49535224
587505 11122.7722818
587494 20175.7397347
587487 2867.27486057
587464 3452.19441989
587453 2340.501655
587453 16040.9408889
587416 10048.1697034
587416 6272.46402504
587416 8712.82548909
587416 12547.758461
587416 3645.6066116
587416 1274.35065465
587416 2862.92031043
587416 4210.52948325
587404 12199.7163524
587404 3975.71874103
587404 8499.04198964
587394 19623.8823796
587377 2122.88424799
587377 9037.62762391
587377 7259.13305544
587377 1749.72439999
587349 20933.9516353
587307 76.1584414313
587307 2396.42221502
587300 207.378569213
587300 3274.16171178
587285 64.3296843255
587285 723.820564916
587267 5615.12102841
587212 12273.9125871
587162 5438.5359493
587143 89.3074660426
587143 19562.2398828
587132 10820.0503381
587094 236.523357771
587043 573.025488627
587009 14910.1630274
587009 15828.5415709
587003 81.6396509454
586989 305.558886031
586937 113.745944142
586937 2172.92751825
586895 19666.6235908
586868 3112.0953765
586868 2264.4967005
586868 567.290955702
586839 3698.20317657
586839 12725.5117203
586802 115.980601864
586789 21136.8342971
586781 20199.5087485
586758 7066.84425742
586758 10143.4477643
586757 1077.41012967
586757 369.709891042
586749 4750.77361611
586712 2068.02783292
586712 7782.98674367
586700 1614.84811092
586678 977.669751178
586678 137.13240697
586672 5318.70184581
586672 7538.39995708
586621 18337.6460517
586621 8512.23673376
586612 18545.5252029
586603 13414.0811428
586569 20082.323111
586567 2257.78712903
586555 17558.0747421
586481 6957.30217564
586422 19695.7035323
586415 10547.4206965
586415 9774.38914302
586373 8126.32254182
586373 9911.3288749
586349 14698.8563124
586349 6947.53452873
586349 4627.32813779
586349 4098.81059293
586347 787.024989445
586347 17454.7071269
586323 13543.5671949
586299 8406.19499371
586299 2390.76885755
586299 4879.47637164
586299 2886.70332003
586299 9975.5451935
586299 9235.58050949
586299 5994.10125006
586270 10984.0294284
586264 17246.724407
586245 3064.17479782
586245 362.761924978
586245 73.6191424794
586231 2065.18249316
586231 3086.27644909
586223 13544.1181616
586223 79.1278770057
586223 1189.07163734
586221 11258.8671358
586196 7853.38219412
586183 9878.64642256
586169 12060.0222533
586167 12590.312129
586167 10002.0536458
586167 5387.3482917
586138 13282.3455042
586134 235.663084527
586127 2004.93257539
586115 455.654640413
586115 190.269675135
586115 14391.150942
586115 444.014826184
586104 16987.2018027
586068 14719.4664813
586068 883.152127007
586046 446.157578358
585976 5482.44487417
585937 2328.23016508
585937 11966.8188318
585937 20468.3250097
585916 2546.76149577
585916 4907.74549161
585916 17030.8065528
585916 5945.69408516
585916 816.946543162
585916 5769.42577694
585916 21137.341877
585912 4888.28344231
585884 18975.2690103
585884 18427.7517431
585857 18482.9510545
585839 3129.25558839
585839 4485.88270146
585839 2024.44734209
585839 20982.7380855
585826 88.9869629409
585826 2449.25484195
585790 491.55751911
585786 13733.4337919
585771 11297.6708708
585752 20518.5922123
585733 3525.00320736
585723 504.650560648
585723 7313.05082097
585723 1882.03386509
585717 3257.99006767
585717 6060.01992064
585717 125.462735099
585686 785.090307697
585667 177.025012771
585667 5575.27180949
585655 17721.5364555
585655 10876.6156365
585655 80.1108464866
585617 1586.10966618
585608 3181.29325567
585608 66.5064928708
585598 70.5130148981
585566 1042.46782723
585566 18569.2540955
585566 88.0777045077
585552 13303.6354009
585552 21214.6377079
585552 18712.6799331
585552 12003.6090422
585552 15729.1590176
585552 10679.2337783
585538 17201.2227637
585515 4187.78402663
585515 189.70237998
585515 61.230088103
585509 8799.97667372
585509 133.882589497
585501 3700.31887026
585497 10918.1364168
585497 21152.528219
585497 9054.00174014
585497 131.970300979
585497 5498.03056209
585448 8818.08626525
585436 163.836333482
585436 16407.1784297
585435 2936.36917105
585435 2209.98504785
585396 19434.7374977
585393 13191.678116
585381 1350.14753873
585338 4780.43951379
585338 228.476257344
585277 3172.87666695
585277 168.699863075
585277 7514.49844997
585253 183.114571695
585245 1272.57599119
585245 184.411979445
585213 2652.06099356
585185 6509.44644403
585183 6249.06309992
585183 3078.66928232
585157 15476.2111588
585157 853.338340708
585157 16081.4390449
585157 17798.5873604
585126 20521.5173279
585126 3269.34436822
585126 8055.67610059
585123 8201.85350629
585123 20257.6079832
585048 2126.29035155
584994 22662.875524
584975 17511.8103293
584973 6527.49771986
584973 2938.20448284
584958 1579.18129419
584958 1816.33492807
584946 5808.27476493
584946 14389.9137161
584946 6920.30156216
584932 4840.20611102
584932 2461.23475336
584932 16000.5901549
584877 663.356045356
584877 21162.0476743
584850 9095.12130832
584850 9347.31479516
584825 3390.22302257
584825 877.767021771
584807 17405.4233603
584788 15419.8413346
584788 3495.73525604
584781 1358.02155815
584771 3705.33402068
584720 100.921621363
584720 17638.5326836
584720 2257.56739546
584714 18575.8591652
584698 2238.07408893
584695 4464.63712471
584695 723.703466985
584654 13113.9619455
584603 9963.54662107
584587 9897.39608725
584587 12753.6894012
584587 2029.54600059
584515 19812.6003905
584515 11235.4456836
584515 9034.10955421
584496 2767.37539684
584496 61.5319301796
584448 9063.19182834
584429 2093.88174975
584390 9907.16233459
584342 7649.893049
584342 6509.96848619
584342 10802.9829648
584342 3682.16215964
584335 19035.4363531
584301 14815.4513285
584296 8616.99226267
584266 2526.96961285
584218 5424.36896578
584193 16490.4677153
584140 18812.2206386
584110 12506.2745363
584110 6675.68865013
584110 13749.8237699
584084 9094.24517321
584084 16367.2223764
584051 1317.0974642
584001 759.232192134
584001 20269.7698396
583983 1157.07497766
583983 2248.86809221
583983 216.504276874
583983 8892.11128502
583983 2475.97882907
583943 14309.7678802
583943 14065.9895825
583928 20039.4531387
583928 1496.57126995
583928 624.924131271
583925 3427.2553598
583925 2688.6184077
583914 17828.2821827
583914 2339.263496
583903 6399.89549826
583903 7194.2640675
583887 10666.0129088
583887 6994.96478898
583859 78.8232357754
583837 3682.59602847
583831 17446.1113923
583821 8614.89289738
583821 6739.98987639
583818 8726.56233599
583808 9020.35544587
583808 511.948887452
583808 10864.9753558
583808 9616.36665182
583808 671.644806054
583807 9570.92145808
583803 557.088973434
583796 6626.78230282
583796 3949.96839289
583771 16385.0898412
583771 20034.3554132
583770 10829.5007476
583770 301.492648723
583741 6788.09100049
583741 3088.81294888
583741 99.9745743538
583740 12096.3202792
583716 11245.4153361
583712 11262.9189108
583712 3869.16755501
583696 5642.88909986
583694 5181.16776028
583694 21127.6754661
583694 7893.04386974
583677 6126.70555935
583677 16494.4677059
583667 16339.6385826
583587 23024.2854577
583587 7479.53655345
583587 5788.60604477
583587 6919.105857
583577 2794.31445226
583552 1206.17120091
583552 19079.8206676
583552 1972.92378604
583530 17142.2833163
583530 12141.5140156
583530 19958.9886658
583522 1465.41249029
583522 802.087702151
583502 11746.8039496
583455 2360.98492889
583447 21122.9131726
583437 9358.98959881
583437 8402.98576397
583437 207.642156189
583437 211.450404827
583437 328.494218581
583437 7460.18740334
583409 1048.91754393
583340 17178.1064192
583330 88.5148390144
583327 21387.1308908
583327 16963.7038402
583294 5868.29608515
583217 11092.4350538
583217 266.591867059
583192 10897.2416673
583192 9915.83504587
583175 11874.6678921
583175 445.852004077
583115 1758.71388217
583092 941.628314374
583092 20015.276848
583092 1502.99952648
583050 12192.0662653
583000 1014.31347256
583000 7387.00866105
583000 577.817173275
583000 1851.40225938
583000 19852.4566073
582976 4473.70218404
582967 2783.59882529
582945 477.138145234
582945 19455.2534284
582945 2995.44297774
