241 0.15488650598
241 0.0578491769322
232 0.0858407141574
200 0.0373220496337
190 0.0606483306547
176 0.0363889983928
176 0.0433868826991
164 0.0289245884661
164 0.0326567934295
164 0.0335898446703
164 0.0522508694871
164 0.049918241385
155 0.0541169719688
155 0.0541169719688
155 0.0564496000709
155 0.035455947152
155 0.0466525620421
155 0.0685792662019
145 0.0657801124793
145 0.0373220496337
145 0.0368555240132
145 0.0317237421886
145 0.0475856132829
145 0.035455947152
140 0.0429203570787
140 0.026591960364
140 0.0368555240132
140 0.0751106248877
120 0.0340563702907
120 0.0485186645238
120 0.0284580628457
120 0.0429203570787
120 0.0461860364217
105 0.0433868826991
105 0.0298576397069
105 0.0452529851808
105 0.0349894215316
105 0.0284580628457
102 0.0405877289766
84 0.0485186645238
84 0.0228597554006
84 0.0779097786103
84 0.0363889983928
84 0.0419873058379
84 0.0340563702907
84 0.0387216264949
84 0.0242593322619
84 0.0237928066415
84 0.0494517157646
82 0.0261254347436
82 0.0517843438667
82 0.0569161256913
82 0.0401212033562
82 0.0349894215316
71 0.058782228173
64 0.0373220496337
64 0.0405877289766
64 0.0466525620421
64 0.0471190876625
64 0.0377885752541
64 0.0247258578823
64 0.0485186645238
64 0.0401212033562
64 0.0326567934295
64 0.0219267041598
64 0.0391881521153
64 0.032190267809
64 0.0349894215316
64 0.058782228173
64 0.0433868826991
64 0.0251923835027
64 0.0298576397069
64 0.0298576397069
64 0.0298576397069
64 0.0541169719688
56 0.0485186645238
56 0.0340563702907
56 0.0564496000709
56 0.0466525620421
56 0.0452529851808
56 0.0405877289766
56 0.0536504463484
56 0.0508512926259
56 0.0377885752541
56 0.0237928066415
56 0.0433868826991
56 0.0289245884661
56 0.0564496000709
56 0.0401212033562
56 0.0461860364217
56 0.0331233190499
56 0.0429203570787
56 0.0373220496337
56 0.0415207802174
56 0.0480521389033
56 0.0480521389033
56 0.026591960364
56 0.0415207802174
56 0.0489851901442
56 0.0261254347436
56 0.0475856132829
56 0.0461860364217
56 0.0214601785394
56 0.0559830744505
56 0.0485186645238
56 0.0382551008745
52 0.0793093554715
52 0.0219267041598
52 0.0415207802174
52 0.0261254347436
48 0.0527173951075
48 0.0564496000709
48 0.0275250116048
48 0.0219267041598
48 0.0359224727724
48 0.0275250116048
48 0.0447864595604
48 0.026591960364
48 0.0237928066415
48 0.041054254597
48 0.026591960364
48 0.0237928066415
48 0.032190267809
48 0.0247258578823
48 0.0275250116048
48 0.0452529851808
47 0.0457195108012
47 0.0681127405814
47 0.0433868826991
47 0.062047907516
47 0.0377885752541
47 0.0405877289766
47 0.0480521389033
47 0.0569161256913
47 0.0517843438667
47 0.062047907516
47 0.0401212033562
47 0.0237928066415
47 0.0223932297802
47 0.0578491769322
47 0.0480521389033
47 0.041054254597
47 0.0242593322619
47 0.0219267041598
47 0.0429203570787
47 0.0345228959111
42 0.0513178182463
42 0.0401212033562
42 0.0559830744505
42 0.0513178182463
42 0.0503847670054
42 0.0303241653274
40 0.0331233190499
40 0.0583157025526
40 0.032190267809
39 0.0541169719688
39 0.0415207802174
39 0.0578491769322
39 0.0494517157646
39 0.0307906909478
39 0.0513178182463
39 0.0433868826991
39 0.041054254597
39 0.035455947152
39 0.0419873058379
39 0.0405877289766
39 0.0223932297802
39 0.0242593322619
39 0.0209936529189
39 0.0550500232097
39 0.0387216264949
39 0.0788428298511
39 0.0975038546679
39 0.0382551008745
39 0.0480521389033
39 0.0415207802174
39 0.0513178182463
39 0.0550500232097
39 0.0247258578823
39 0.0457195108012
39 0.0419873058379
39 0.0293911140865
39 0.0270584859844
39 0.0527173951075
39 0.0261254347436
39 0.0279915372252
39 0.0303241653274
39 0.0517843438667
39 0.0564496000709
39 0.0564496000709
39 0.0755771505082
39 0.0429203570787
39 0.0289245884661
39 0.035455947152
39 0.0494517157646
39 0.049918241385
36 0.0573826513118
36 0.0275250116048
36 0.0335898446703
36 0.0242593322619
36 0.0405877289766
36 0.0461860364217
36 0.0415207802174
36 0.0424538314583
36 0.035455947152
36 0.0471190876625
36 0.0237928066415
36 0.0429203570787
36 0.0405877289766
36 0.0251923835027
36 0.0387216264949
36 0.0452529851808
36 0.0615813818955
36 0.0424538314583
36 0.0424538314583
36 0.0569161256913
36 0.0559830744505
36 0.0368555240132
36 0.0475856132829
36 0.0494517157646
36 0.0275250116048
33 0.0382551008745
33 0.0247258578823
33 0.0401212033562
33 0.0555165488301
33 0.0447864595604
31 0.0825750348145
31 0.0438534083196
31 0.0536504463484
31 0.0489851901442
31 0.0256589091231
31 0.032190267809
31 0.0433868826991
31 0.0513178182463
31 0.0242593322619
31 0.0326567934295
31 0.0289245884661
31 0.0261254347436
31 0.0475856132829
31 0.0242593322619
31 0.0447864595604
31 0.0433868826991
31 0.0480521389033
31 0.0536504463484
31 0.0522508694871
31 0.0559830744505
31 0.0345228959111
31 0.0681127405814
31 0.0573826513117
31 0.04431993394
31 0.0349894215316
31 0.0522508694871
31 0.0289245884661
31 0.041054254597
31 0.0461860364217
31 0.0396546777358
31 0.0536504463484
31 0.0433868826991
31 0.026591960364
31 0.0578491769322
31 0.049918241385
31 0.0251923835027
31 0.0237928066415
31 0.0293911140865
31 0.0237928066415
31 0.0564496000709
31 0.0391881521153
31 0.0489851901442
31 0.0340563702907
31 0.0494517157646
31 0.0219267041598
31 0.0401212033562
31 0.0391881521153
31 0.0317237421886
31 0.0522508694871
31 0.0424538314583
31 0.0429203570787
29 0.0583157025526
29 0.035455947152
29 0.0270584859844
29 0.0326567934295
29 0.0494517157646
25 0.0541169719688
25 0.0223932297802
25 0.0303241653273
25 0.0270584859844
25 0.032190267809
25 0.0527173951075
25 0.0345228959111
25 0.0461860364217
25 0.0489851901442
25 0.0555165488301
25 0.0349894215316
25 0.0485186645238
25 0.0457195108012
25 0.0480521389033
25 0.0242593322619
25 0.0331233190499
25 0.0377885752541
25 0.0396546777358
25 0.0317237421886
25 0.0573826513118
25 0.0261254347436
25 0.0489851901442
25 0.0289245884661
25 0.0471190876625
25 0.049918241385
25 0.0555165488301
25 0.0489851901442
24 0.0387216264949
24 0.0219267041598
24 0.0293911140865
24 0.0503847670054
24 0.0447864595604
24 0.032190267809
24 0.0237928066415
24 0.0340563702907
24 0.0368555240132
24 0.0583157025526
24 0.0569161256913
24 0.0503847670054
24 0.0401212033562
24 0.0377885752541
24 0.0415207802174
24 0.0433868826991
24 0.0597152794139
24 0.0382551008745
24 0.0363889983928
24 0.0242593322619
24 0.0424538314583
24 0.0312572165682
24 0.0317237421886
24 0.0555165488301
24 0.0718449455448
24 0.0536504463484
24 0.0368555240132
24 0.0359224727724
24 0.0559830744505
24 0.0298576397069
24 0.0270584859844
24 0.0405877289766
24 0.0237928066415
24 0.0303241653273
24 0.0363889983928
24 0.041054254597
24 0.0433868826991
24 0.0219267041598
24 0.0466525620421
24 0.0275250116048
24 0.0545834975892
24 0.0438534083195
24 0.0377885752541
24 0.049918241385
24 0.0429203570787
24 0.0298576397069
23 0.0695123174427
23 0.0363889983928
23 0.0387216264949
23 0.053183920728
23 0.0219267041598
23 0.0564496000709
23 0.053183920728
23 0.0517843438667
23 0.0415207802174
23 0.0466525620421
23 0.0242593322619
23 0.0247258578823
23 0.0214601785394
23 0.0307906909478
23 0.0578491769322
23 0.0536504463484
23 0.0811754579532
23 0.0699788430631
23 0.0396546777358
23 0.0527173951075
23 0.0653135868589
23 0.049918241385
23 0.0247258578823
23 0.0569161256913
23 0.0550500232097
23 0.0461860364217
23 0.0326567934295
23 0.0564496000709
23 0.0377885752541
23 0.0247258578823
23 0.0396546777358
23 0.0527173951075
23 0.0541169719688
23 0.0377885752541
23 0.0494517157646
23 0.0429203570787
23 0.053183920728
23 0.0405877289766
23 0.0438534083195
23 0.070911894304
23 0.0270584859844
23 0.0214601785394
23 0.0466525620421
23 0.0279915372252
23 0.0219267041598
23 0.0373220496337
23 0.0214601785394
23 0.0550500232096
23 0.0438534083195
23 0.0373220496337
23 0.0237928066415
23 0.0485186645238
23 0.0405877289766
23 0.0573826513118
23 0.0359224727724
23 0.0438534083196
23 0.0373220496337
23 0.0214601785394
23 0.0405877289766
23 0.0317237421886
23 0.0573826513117
23 0.0326567934295
23 0.0326567934295
23 0.0438534083195
23 0.0270584859844
23 0.053183920728
23 0.035455947152
23 0.0471190876625
23 0.0559830744505
23 0.0466525620421
23 0.0466525620421
23 0.0359224727724
23 0.0550500232097
23 0.0471190876625
23 0.0303241653273
23 0.0284580628457
23 0.0475856132829
23 0.0284580628457
23 0.0363889983928
23 0.0219267041598
23 0.0424538314583
23 0.032190267809
23 0.0979703802884
23 0.0223932297802
23 0.0373220496337
23 0.0247258578823
23 0.0475856132829
23 0.0447864595604
23 0.0452529851808
23 0.0573826513117
23 0.0228597554006
23 0.0564496000709
23 0.0522508694871
23 0.026591960364
23 0.0732445224061
23 0.0275250116048
23 0.0237928066415
23 0.0237928066415
23 0.0317237421886
23 0.0485186645238
23 0.0545834975892
23 0.0471190876625
23 0.0419873058379
23 0.0769767273694
23 0.0555165488301
23 0.0368555240132
23 0.0419873058379
23 0.053183920728
23 0.0447864595604
23 0.035455947152
23 0.0256589091231
23 0.0541169719688
23 0.0429203570787
23 0.0340563702907
23 0.0424538314583
23 0.0447864595604
23 0.0396546777358
23 0.0550500232097
23 0.0242593322619
23 0.0629809587568
23 0.0573826513117
23 0.0569161256913
23 0.164217018388
23 0.0695123174427
23 0.0405877289766
23 0.0307906909478
23 0.0242593322619
23 0.0461860364217
23 0.0583157025526
23 0.0331233190499
23 0.0536504463484
23 0.0569161256913
23 0.032190267809
23 0.0382551008745
23 0.0457195108012
23 0.0345228959111
23 0.0289245884661
23 0.0359224727724
23 0.0275250116048
23 0.032190267809
23 0.0237928066415
23 0.0340563702907
22 0.0396546777358
22 0.058782228173
22 0.0508512926259
22 0.0569161256913
22 0.0573826513118
22 0.0597152794139
22 0.0284580628457
22 0.0457195108012
22 0.0293911140865
22 0.0457195108012
22 0.0508512926259
22 0.0447864595604
22 0.026591960364
22 0.0429203570787
22 0.0279915372252
22 0.0261254347436
22 0.0256589091231
22 0.0569161256913
22 0.0536504463484
22 0.0312572165682
22 0.0307906909478
22 0.0289245884661
22 0.023326281021
22 0.053183920728
22 0.0317237421886
22 0.0573826513117
22 0.0345228959111
22 0.023326281021
22 0.0597152794139
22 0.0401212033562
22 0.0429203570787
22 0.0401212033562
22 0.0452529851808
22 0.026591960364
21 0.0279915372252
21 0.0503847670054
21 0.0237928066415
21 0.0452529851808
21 0.0433868826991
21 0.0405877289766
21 0.062047907516
21 0.026591960364
21 0.0438534083195
21 0.0513178182463
21 0.0429203570787
21 0.0606483306547
21 0.0583157025526
21 0.0405877289766
21 0.0573826513118
21 0.0256589091231
21 0.0289245884661
21 0.0368555240132
21 0.0345228959111
21 0.0508512926259
21 0.0573826513118
21 0.0545834975892
21 0.0391881521153
21 0.0242593322619
21 0.0536504463484
21 0.049918241385
21 0.04431993394
21 0.0433868826991
21 0.0485186645238
21 0.0471190876625
21 0.032190267809
21 0.0480521389033
21 0.0606483306547
21 0.0373220496337
21 0.0405877289766
21 0.0391881521153
21 0.0485186645238
21 0.0405877289766
21 0.0401212033562
21 0.0545834975892
21 0.0783763042307
21 0.0359224727724
21 0.0653135868589
21 0.0452529851808
21 0.0480521389033
21 0.0559830744505
21 0.0494517157646
21 0.049918241385
21 0.0746440992673
21 0.0541169719688
21 0.0415207802174
21 0.0564496000709
21 0.0261254347436
21 0.0513178182463
21 0.0536504463484
21 0.0275250116048
21 0.0447864595604
21 0.0429203570787
21 0.0289245884661
21 0.0615813818955
21 0.0359224727724
21 0.0662466380997
21 0.0270584859844
21 0.0457195108012
21 0.0615813818955
21 0.0433868826991
21 0.0760436761286
21 0.0648470612385
21 0.0433868826991
21 0.0615813818955
21 0.053183920728
21 0.0359224727724
21 0.049918241385
21 0.0625144331364
20 0.0508512926259
20 0.0536504463484
20 0.0615813818955
20 0.0611148562751
20 0.0363889983928
19 0.0625144331364
19 0.0242593322619
19 0.023326281021
19 0.0368555240132
19 0.041054254597
19 0.0270584859844
19 0.0237928066415
19 0.049918241385
19 0.0387216264949
19 0.062047907516
19 0.0592487537934
19 0.026591960364
19 0.0461860364217
19 0.0583157025526
19 0.032190267809
19 0.0527173951076
19 0.0261254347436
19 0.0382551008745
19 0.0368555240132
19 0.0340563702907
19 0.0349894215316
19 0.0573826513118
19 0.0307906909478
19 0.026591960364
19 0.0461860364217
19 0.0293911140865
19 0.0368555240132
19 0.0429203570787
18 0.0447864595604
18 0.0237928066415
18 0.0256589091231
18 0.0415207802174
18 0.0415207802174
18 0.0438534083195
18 0.0536504463484
18 0.0429203570787
18 0.0433868826991
18 0.0368555240132
18 0.0461860364217
18 0.0345228959111
17 0.0289245884661
17 0.026591960364
17 0.0485186645238
17 0.0335898446703
17 0.0489851901442
17 0.0279915372252
17 0.049918241385
17 0.0363889983928
17 0.0494517157646
17 0.0438534083195
17 0.0485186645238
17 0.0536504463484
17 0.0601818050343
17 0.0569161256913
17 0.0289245884661
17 0.0256589091231
17 0.0555165488301
17 0.0345228959111
17 0.0447864595604
17 0.0284580628457
17 0.0480521389033
17 0.0396546777358
17 0.04431993394
17 0.0527173951075
17 0.0368555240132
17 0.0349894215316
17 0.0611148562751
17 0.0564496000709
17 0.0312572165682
17 0.0541169719688
17 0.035455947152
17 0.0494517157646
17 0.035455947152
17 0.0387216264949
17 0.0527173951075
17 0.0447864595604
17 0.0433868826991
17 0.0307906909478
17 0.0489851901442
17 0.0447864595604
16 0.0307906909478
16 0.0578491769322
16 0.0429203570787
16 0.04431993394
16 0.0489851901442
16 0.0513178182463
16 0.0522508694871
16 0.0555165488301
16 0.0298576397069
16 0.0331233190499
16 0.0583157025526
16 0.0326567934295
16 0.0228597554006
16 0.035455947152
16 0.0527173951075
16 0.0228597554006
16 0.0289245884661
16 0.0517843438667
16 0.0251923835027
16 0.049918241385
16 0.0517843438667
16 0.0489851901442
16 0.053183920728
16 0.0303241653273
16 0.0256589091231
16 0.0382551008745
16 0.0522508694871
16 0.035455947152
16 0.0429203570787
16 0.0606483306547
16 0.0555165488301
16 0.0298576397069
16 0.0251923835027
16 0.023326281021
16 0.04431993394
16 0.058782228173
16 0.053183920728
16 0.0237928066415
16 0.0270584859844
16 0.0475856132829
16 0.049918241385
16 0.0424538314583
16 0.0401212033562
16 0.0550500232097
16 0.035455947152
16 0.0368555240132
16 0.0447864595604
16 0.049918241385
16 0.0303241653273
16 0.0289245884661
16 0.0615813818955
16 0.0293911140865
16 0.0359224727724
16 0.0289245884661
16 0.0312572165682
16 0.04431993394
16 0.0391881521153
16 0.0228597554006
16 0.0601818050343
16 0.0317237421886
16 0.0228597554006
16 0.0513178182463
16 0.0363889983928
16 0.0489851901442
16 0.0494517157646
16 0.0513178182463
16 0.0256589091231
16 0.0466525620421
16 0.0289245884661
16 0.0559830744505
16 0.0251923835027
16 0.0256589091231
16 0.0396546777358
16 0.0237928066415
16 0.0326567934295
16 0.0527173951075
16 0.0228597554006
16 0.0284580628457
16 0.0363889983928
16 0.04431993394
16 0.0592487537934
16 0.0494517157646
16 0.0471190876625
16 0.0471190876625
16 0.0391881521153
16 0.0214601785394
16 0.0396546777358
16 0.0326567934295
16 0.0391881521153
16 0.032190267809
16 0.0335898446703
16 0.0214601785394
16 0.0564496000709
16 0.0494517157646
16 0.0396546777358
16 0.0214601785394
16 0.032190267809
16 0.0331233190499
16 0.0237928066415
16 0.0387216264949
16 0.0317237421886
16 0.04431993394
16 0.0396546777358
16 0.0433868826991
16 0.0317237421886
16 0.0312572165682
16 0.026591960364
16 0.0284580628457
16 0.0405877289766
16 0.026591960364
16 0.0550500232097
16 0.0331233190499
16 0.0429203570787
16 0.032190267809
16 0.0471190876625
16 0.0494517157646
16 0.0223932297802
16 0.0559830744505
16 0.0457195108012
16 0.0284580628457
16 0.076510201749
16 0.0284580628457
16 0.0261254347436
16 0.0359224727724
16 0.0312572165682
16 0.0494517157646
16 0.0419873058379
16 0.0335898446703
16 0.053183920728
16 0.0251923835027
16 0.070911894304
16 0.0541169719688
16 0.0289245884661
16 0.0326567934295
16 0.0373220496337
16 0.0279915372252
16 0.0242593322619
16 0.023326281021
16 0.0396546777358
16 0.0405877289766
16 0.0405877289766
16 0.0517843438667
16 0.0391881521153
16 0.0555165488301
16 0.0209936529189
16 0.0214601785394
16 0.0424538314583
16 0.0284580628457
16 0.0461860364217
16 0.0289245884661
16 0.0475856132829
16 0.076510201749
16 0.0401212033562
16 0.0461860364217
16 0.0475856132829
16 0.0485186645238
16 0.0494517157646
16 0.0457195108012
16 0.0494517157646
16 0.0293911140865
16 0.0419873058379
16 0.0237928066415
16 0.0214601785394
16 0.0751106248877
16 0.0550500232096
16 0.0485186645238
16 0.0219267041598
16 0.0335898446703
16 0.0522508694871
16 0.0303241653273
16 0.0517843438667
16 0.0415207802174
16 0.0536504463484
16 0.0573826513117
16 0.0545834975892
16 0.0429203570787
16 0.0419873058379
16 0.0326567934295
16 0.0298576397069
16 0.0326567934295
16 0.0401212033562
16 0.0536504463484
16 0.0695123174427
16 0.0214601785394
16 0.0289245884661
16 0.0326567934295
16 0.0447864595604
16 0.0214601785394
16 0.053183920728
16 0.0503847670054
16 0.0293911140865
16 0.026591960364
16 0.0289245884661
16 0.0405877289766
16 0.0270584859844
16 0.0485186645238
16 0.0401212033562
16 0.0466525620421
16 0.0517843438667
16 0.0438534083196
16 0.0345228959111
16 0.0312572165682
16 0.0457195108012
16 0.0480521389033
16 0.0214601785394
16 0.0489851901442
16 0.0335898446703
16 0.0559830744505
16 0.0480521389033
16 0.0237928066415
16 0.0293911140865
16 0.0293911140865
16 0.0261254347436
16 0.0396546777358
16 0.0466525620421
16 0.0405877289766
16 0.0508512926259
16 0.0452529851808
16 0.0569161256913
16 0.0419873058379
16 0.0289245884661
16 0.0345228959111
16 0.0438534083196
16 0.0494517157646
16 0.0284580628457
16 0.0494517157646
16 0.04431993394
16 0.0625144331364
16 0.0475856132829
16 0.0564496000709
16 0.0289245884661
16 0.0489851901442
16 0.0550500232097
16 0.04431993394
16 0.0559830744505
16 0.0242593322619
16 0.0466525620421
16 0.0368555240132
16 0.0242593322619
16 0.0335898446703
16 0.0779097786103
16 0.0541169719688
16 0.0382551008745
16 0.0312572165682
16 0.04431993394
16 0.0345228959111
16 0.04431993394
16 0.0727779967856
16 0.0312572165682
16 0.0307906909478
16 0.0541169719688
16 0.0541169719688
16 0.0447864595604
15 0.0485186645238
15 0.0345228959111
15 0.032190267809
15 0.0247258578823
15 0.0471190876625
15 0.0559830744505
15 0.0349894215316
15 0.0303241653273
15 0.0391881521153
15 0.0396546777358
15 0.0438534083195
15 0.0256589091231
15 0.0349894215316
15 0.0209936529189
15 0.0340563702907
15 0.0494517157646
15 0.0662466380997
15 0.04431993394
15 0.0419873058379
15 0.0256589091231
15 0.04431993394
15 0.0401212033562
15 0.0345228959111
15 0.0359224727724
15 0.0429203570787
15 0.0559830744505
15 0.0415207802174
15 0.0555165488301
15 0.0550500232096
15 0.0214601785394
15 0.0340563702907
15 0.032190267809
15 0.0363889983928
15 0.0471190876625
15 0.0704453686835
15 0.0615813818955
15 0.0279915372252
15 0.0345228959111
15 0.0583157025526
15 0.0396546777358
15 0.049918241385
15 0.0340563702907
15 0.0391881521153
15 0.0261254347436
15 0.0559830744505
15 0.0303241653273
15 0.0363889983928
15 0.053183920728
15 0.0475856132829
15 0.041054254597
15 0.0536504463484
15 0.0368555240132
15 0.0237928066415
15 0.0457195108012
15 0.04431993394
15 0.0293911140865
15 0.0391881521153
15 0.0317237421886
